layer	mol : Water : phi	mol : pol : phi	mon : X : phi	mon : A : phi	mon : G : phi	mon : W : phi	
0	8.622035e-01	1.377965e-01	5.543237e-03	1.322530e-01	2.382013e-07	8.622035e-01	
1	8.622035e-01	1.377965e-01	5.543237e-03	1.322530e-01	2.382013e-07	8.622035e-01	
2	8.671343e-01	1.328657e-01	0.000000e+00	1.328654e-01	3.347463e-07	8.671343e-01	
3	8.727820e-01	1.272180e-01	0.000000e+00	1.272175e-01	5.525792e-07	8.727820e-01	
4	8.773317e-01	1.226683e-01	0.000000e+00	1.226674e-01	9.437075e-07	8.773317e-01	
5	8.811893e-01	1.188107e-01	0.000000e+00	1.188091e-01	1.593892e-06	8.811893e-01	
6	8.853460e-01	1.146540e-01	0.000000e+00	1.146514e-01	2.629532e-06	8.853460e-01	
7	8.899503e-01	1.100497e-01	0.000000e+00	1.100454e-01	4.212611e-06	8.899503e-01	
8	8.949314e-01	1.050686e-01	0.000000e+00	1.050621e-01	6.521986e-06	8.949314e-01	
9	9.000770e-01	9.992299e-02	0.000000e+00	9.991328e-02	9.711529e-06	9.000770e-01	
10	9.050140e-01	9.498598e-02	0.000000e+00	9.497214e-02	1.384556e-05	9.050140e-01	
11	9.092465e-01	9.075350e-02	0.000000e+00	9.073466e-02	1.883499e-05	9.092465e-01	
12	9.123320e-01	8.766795e-02	0.000000e+00	8.764353e-02	2.442201e-05	9.123320e-01	
13	9.141187e-01	8.588128e-02	0.000000e+00	8.585103e-02	3.024942e-05	9.141187e-01	
14	9.148310e-01	8.516898e-02	0.000000e+00	8.513299e-02	3.598504e-05	9.148310e-01	
15	9.149110e-01	8.508902e-02	0.000000e+00	8.504760e-02	4.141618e-05	9.149110e-01	
16	9.147741e-01	8.522589e-02	0.000000e+00	8.517943e-02	4.646085e-05	9.147741e-01	
17	9.146754e-01	8.532459e-02	0.000000e+00	8.527347e-02	5.111857e-05	9.146754e-01	
18	9.147145e-01	8.528546e-02	0.000000e+00	8.523005e-02	5.541403e-05	9.147145e-01	
19	9.148996e-01	8.510037e-02	0.000000e+00	8.504100e-02	5.936390e-05	9.148996e-01	
20	9.152036e-01	8.479640e-02	0.000000e+00	8.473343e-02	6.296778e-05	9.152036e-01	
21	9.155946e-01	8.440540e-02	0.000000e+00	8.433918e-02	6.621303e-05	9.155946e-01	
22	9.160473e-01	8.395271e-02	0.000000e+00	8.388363e-02	6.908397e-05	9.160473e-01	
23	9.165448e-01	8.345523e-02	0.000000e+00	8.338366e-02	7.157036e-05	9.165448e-01	
24	9.170774e-01	8.292259e-02	0.000000e+00	8.284891e-02	7.367322e-05	9.170774e-01	
25	9.176410e-01	8.235901e-02	0.000000e+00	8.228360e-02	7.540774e-05	9.176410e-01	
26	9.182350e-01	8.176495e-02	0.000000e+00	8.168814e-02	7.680365e-05	9.182350e-01	
27	9.188615e-01	8.113845e-02	0.000000e+00	8.106054e-02	7.790359e-05	9.188615e-01	
28	9.195238e-01	8.047618e-02	0.000000e+00	8.039742e-02	7.876047e-05	9.195238e-01	
29	9.202258e-01	7.977423e-02	0.000000e+00	7.969480e-02	7.943416e-05	9.202258e-01	
30	9.209714e-01	7.902864e-02	0.000000e+00	7.894865e-02	7.998820e-05	9.209714e-01	
31	9.217642e-01	7.823576e-02	0.000000e+00	7.815528e-02	8.048684e-05	9.217642e-01	
32	9.226075e-01	7.739249e-02	0.000000e+00	7.731149e-02	8.099250e-05	9.226075e-01	
33	9.235037e-01	7.649628e-02	0.000000e+00	7.641471e-02	8.156375e-05	9.235037e-01	
34	9.244548e-01	7.554521e-02	0.000000e+00	7.546296e-02	8.225379e-05	9.244548e-01	
35	9.254621e-01	7.453794e-02	0.000000e+00	7.445483e-02	8.310915e-05	9.254621e-01	
36	9.265263e-01	7.347365e-02	0.000000e+00	7.338948e-02	8.416863e-05	9.265263e-01	
37	9.276480e-01	7.235203e-02	0.000000e+00	7.226657e-02	8.546229e-05	9.276480e-01	
38	9.288267e-01	7.117333e-02	0.000000e+00	7.108632e-02	8.701035e-05	9.288267e-01	
39	9.300616e-01	6.993839e-02	0.000000e+00	6.984957e-02	8.882206e-05	9.300616e-01	
40	9.313511e-01	6.864885e-02	0.000000e+00	6.855796e-02	9.089452e-05	9.313511e-01	
41	9.326927e-01	6.730726e-02	0.000000e+00	6.721405e-02	9.321150e-05	9.326927e-01	
42	9.340828e-01	6.591724e-02	0.000000e+00	6.582150e-02	9.574273e-05	9.340828e-01	
43	9.355164e-01	6.448356e-02	0.000000e+00	6.438512e-02	9.844353e-05	9.355164e-01	
44	9.369880e-01	6.301203e-02	0.000000e+00	6.291078e-02	1.012555e-04	9.369880e-01	
45	9.384908e-01	6.150923e-02	0.000000e+00	6.140512e-02	1.041082e-04	9.384908e-01	
46	9.400180e-01	5.998199e-02	0.000000e+00	5.987507e-02	1.069219e-04	9.400180e-01	
47	9.415632e-01	5.843682e-02	0.000000e+00	5.832721e-02	1.096120e-04	9.415632e-01	
48	9.431208e-01	5.687924e-02	0.000000e+00	5.676714e-02	1.120932e-04	9.431208e-01	
49	9.446868e-01	5.531322e-02	0.000000e+00	5.519893e-02	1.142847e-04	9.446868e-01	
50	9.462590e-01	5.374097e-02	0.000000e+00	5.362485e-02	1.161148e-04	9.462590e-01	
51	9.478371e-01	5.216286e-02	0.000000e+00	5.204534e-02	1.175242e-04	9.478371e-01	
52	9.494223e-01	5.057773e-02	0.000000e+00	5.045927e-02	1.184684e-04	9.494223e-01	
53	9.510167e-01	4.898329e-02	0.000000e+00	4.886437e-02	1.189183e-04	9.510167e-01	
54	9.526234e-01	4.737662e-02	0.000000e+00	4.725776e-02	1.188599e-04	9.526234e-01	
55	9.542454e-01	4.575465e-02	0.000000e+00	4.563636e-02	1.182923e-04	9.542454e-01	
56	9.558855e-01	4.411450e-02	0.000000e+00	4.399727e-02	1.172258e-04	9.558855e-01	
57	9.575463e-01	4.245370e-02	0.000000e+00	4.233802e-02	1.156794e-04	9.575463e-01	
58	9.592297e-01	4.077029e-02	0.000000e+00	4.065661e-02	1.136783e-04	9.592297e-01	
59	9.609372e-01	3.906280e-02	0.000000e+00	3.895155e-02	1.112520e-04	9.609372e-01	
60	9.626699e-01	3.733014e-02	0.000000e+00	3.722171e-02	1.084321e-04	9.626699e-01	
61	9.644285e-01	3.557151e-02	0.000000e+00	3.546626e-02	1.052511e-04	9.644285e-01	
62	9.662138e-01	3.378620e-02	0.000000e+00	3.368446e-02	1.017412e-04	9.662138e-01	
63	9.680265e-01	3.197346e-02	0.000000e+00	3.187553e-02	9.793393e-05	9.680265e-01	
64	9.698676e-01	3.013244e-02	0.000000e+00	3.003859e-02	9.385887e-05	9.698676e-01	
65	9.717378e-01	2.826218e-02	0.000000e+00	2.817263e-02	8.954376e-05	9.717378e-01	
66	9.736382e-01	2.636177e-02	0.000000e+00	2.627675e-02	8.501393e-05	9.736382e-01	
67	9.755692e-01	2.443082e-02	0.000000e+00	2.435053e-02	8.029218e-05	9.755692e-01	
68	9.775298e-01	2.247020e-02	0.000000e+00	2.239481e-02	7.539894e-05	9.775298e-01	
69	9.795169e-01	2.048312e-02	0.000000e+00	2.041277e-02	7.035294e-05	9.795169e-01	
70	9.815234e-01	1.847656e-02	0.000000e+00	1.841138e-02	6.517263e-05	9.815234e-01	
71	9.835372e-01	1.646282e-02	0.000000e+00	1.640294e-02	5.987870e-05	9.835372e-01	
72	9.855392e-01	1.446080e-02	0.000000e+00	1.440630e-02	5.449740e-05	9.855392e-01	
73	9.875035e-01	1.249654e-02	0.000000e+00	1.244747e-02	4.906455e-05	9.875035e-01	
74	9.893976e-01	1.060237e-02	0.000000e+00	1.055874e-02	4.362917e-05	9.893976e-01	
75	9.911855e-01	8.814473e-03	0.000000e+00	8.776218e-03	3.825557e-05	9.911855e-01	
76	9.928311e-01	7.168848e-03	0.000000e+00	7.135826e-03	3.302254e-05	9.928311e-01	
77	9.943035e-01	5.696483e-03	0.000000e+00	5.668464e-03	2.801885e-05	9.943035e-01	
78	9.955811e-01	4.418883e-03	0.000000e+00	4.395548e-03	2.333531e-05	9.955811e-01	
79	9.966548e-01	3.345188e-03	0.000000e+00	3.326134e-03	1.905461e-05	9.966548e-01	
80	9.975284e-01	2.471618e-03	0.000000e+00	2.456377e-03	1.524143e-05	9.975284e-01	
81	9.982168e-01	1.783229e-03	0.000000e+00	1.771294e-03	1.193511e-05	9.982168e-01	
82	9.987428e-01	1.257256e-03	0.000000e+00	1.248110e-03	9.146316e-06	9.987428e-01	
83	9.991330e-01	8.669995e-04	0.000000e+00	8.601411e-04	6.858406e-06	9.991330e-01	
84	9.994147e-01	5.853225e-04	0.000000e+00	5.802902e-04	5.032303e-06	9.994147e-01	
85	9.996128e-01	3.871986e-04	0.000000e+00	3.835850e-04	3.613582e-06	9.996128e-01	
86	9.997488e-01	2.511712e-04	0.000000e+00	2.486313e-04	2.539979e-06	9.997488e-01	
87	9.998401e-01	1.598757e-04	0.000000e+00	1.581277e-04	1.748054e-06	9.998401e-01	
88	9.999001e-01	9.990624e-05	0.000000e+00	9.872801e-05	1.178231e-06	9.999001e-01	
89	9.999387e-01	6.131518e-05	0.000000e+00	6.053719e-05	7.779915e-07	9.999387e-01	
90	9.999630e-01	3.696855e-05	0.000000e+00	3.646516e-05	5.033859e-07	9.999630e-01	
91	9.999781e-01	2.190156e-05	0.000000e+00	2.158232e-05	3.192378e-07	9.999781e-01	
92	9.999872e-01	1.275144e-05	0.000000e+00	1.255297e-05	1.984777e-07	9.999872e-01	
93	9.999927e-01	7.296781e-06	0.000000e+00	7.175782e-06	1.209990e-07	9.999927e-01	
94	9.999959e-01	4.104167e-06	0.000000e+00	4.031823e-06	7.234460e-08	9.999959e-01	
95	9.999977e-01	2.269174e-06	0.000000e+00	2.226746e-06	4.242867e-08	9.999977e-01	
96	9.999988e-01	1.233342e-06	0.000000e+00	1.208929e-06	2.441245e-08	9.999988e-01	
97	9.999993e-01	6.590129e-07	0.000000e+00	6.452304e-07	1.378249e-08	9.999993e-01	
98	9.999997e-01	3.461963e-07	0.000000e+00	3.385602e-07	7.636081e-09	9.999997e-01	
99	9.999998e-01	1.788105e-07	0.000000e+00	1.746581e-07	4.152417e-09	9.999998e-01	
100	9.999999e-01	9.080980e-08	0.000000e+00	8.859324e-08	2.216555e-09	9.999999e-01	
101	1.000000e+00	4.534935e-08	0.000000e+00	4.418773e-08	1.161617e-09	1.000000e+00	
102	1.000000e+00	2.227107e-08	0.000000e+00	2.167332e-08	5.977431e-10	1.000000e+00	
103	1.000000e+00	1.075671e-08	0.000000e+00	1.045465e-08	3.020609e-10	1.000000e+00	
104	1.000000e+00	5.110064e-09	0.000000e+00	4.960142e-09	1.499222e-10	1.000000e+00	
105	1.000000e+00	2.387957e-09	0.000000e+00	2.314861e-09	7.309611e-11	1.000000e+00	
106	1.000000e+00	1.097813e-09	0.000000e+00	1.062798e-09	3.501443e-11	1.000000e+00	
107	1.000000e+00	4.965742e-10	0.000000e+00	4.800927e-10	1.648144e-11	1.000000e+00	
108	1.000000e+00	2.210298e-10	0.000000e+00	2.134053e-10	7.624509e-12	1.000000e+00	
109	1.000000e+00	9.682533e-11	0.000000e+00	9.335817e-11	3.467161e-12	1.000000e+00	
110	1.000000e+00	4.175064e-11	0.000000e+00	4.020053e-11	1.550107e-12	1.000000e+00	
111	1.000000e+00	1.772317e-11	0.000000e+00	1.704169e-11	6.814873e-13	1.000000e+00	
112	1.000000e+00	7.407914e-12	0.000000e+00	7.113236e-12	2.946787e-13	1.000000e+00	
113	1.000000e+00	3.049309e-12	0.000000e+00	2.923959e-12	1.253498e-13	1.000000e+00	
114	1.000000e+00	1.236335e-12	0.000000e+00	1.183869e-12	5.246561e-14	1.000000e+00	
115	1.000000e+00	4.938330e-13	0.000000e+00	4.722209e-13	2.161208e-14	1.000000e+00	
116	1.000000e+00	1.943642e-13	0.000000e+00	1.856006e-13	8.763667e-15	1.000000e+00	
117	1.000000e+00	7.539264e-14	0.000000e+00	7.189366e-14	3.498978e-15	1.000000e+00	
118	1.000000e+00	2.882726e-14	0.000000e+00	2.745143e-14	1.375823e-15	1.000000e+00	
119	1.000000e+00	1.086739e-14	0.000000e+00	1.033449e-14	5.329054e-16	1.000000e+00	
120	1.000000e+00	4.039995e-15	0.000000e+00	3.836617e-15	2.033786e-16	1.000000e+00	
121	1.000000e+00	1.481342e-15	0.000000e+00	1.404848e-15	7.649419e-17	1.000000e+00	
122	1.000000e+00	5.358371e-16	0.000000e+00	5.074762e-16	2.836084e-17	1.000000e+00	
123	1.000000e+00	1.912474e-16	0.000000e+00	1.808799e-16	1.036753e-17	1.000000e+00	
124	1.000000e+00	6.736333e-17	0.000000e+00	6.362573e-17	3.737597e-18	1.000000e+00	
125	1.000000e+00	2.342038e-17	0.000000e+00	2.209126e-17	1.329119e-18	1.000000e+00	
126	1.000000e+00	8.038604e-18	0.000000e+00	7.572289e-18	4.663146e-19	1.000000e+00	
127	1.000000e+00	2.724290e-18	0.000000e+00	2.562846e-18	1.614445e-19	1.000000e+00	
128	1.000000e+00	9.117547e-19	0.000000e+00	8.565879e-19	5.516681e-20	1.000000e+00	
129	1.000000e+00	3.013811e-19	0.000000e+00	2.827723e-19	1.860884e-20	1.000000e+00	
130	1.000000e+00	9.840658e-20	0.000000e+00	9.220905e-20	6.197531e-21	1.000000e+00	
131	1.000000e+00	3.174346e-20	0.000000e+00	2.970528e-20	2.038178e-21	1.000000e+00	
132	1.000000e+00	1.011704e-20	0.000000e+00	9.455057e-21	6.619882e-22	1.000000e+00	
133	1.000000e+00	3.186138e-21	0.000000e+00	2.973765e-21	2.123723e-22	1.000000e+00	
134	1.000000e+00	9.915725e-22	0.000000e+00	9.242695e-22	6.730304e-23	1.000000e+00	
135	1.000000e+00	3.049765e-22	0.000000e+00	2.839046e-22	2.107194e-23	1.000000e+00	
136	1.000000e+00	9.270833e-23	0.000000e+00	8.618985e-23	6.518480e-24	1.000000e+00	
137	1.000000e+00	2.785517e-23	0.000000e+00	2.586269e-23	1.992480e-24	1.000000e+00	
138	1.000000e+00	8.272712e-24	0.000000e+00	7.670878e-24	6.018334e-25	1.000000e+00	
139	1.000000e+00	2.428630e-24	0.000000e+00	2.248984e-24	1.796462e-25	1.000000e+00	
140	1.000000e+00	7.047894e-25	0.000000e+00	6.517939e-25	5.299551e-26	1.000000e+00	
141	1.000000e+00	2.021863e-25	0.000000e+00	1.867353e-25	1.545099e-26	1.000000e+00	
142	1.000000e+00	5.733837e-26	0.000000e+00	5.288610e-26	4.452275e-27	1.000000e+00	
143	1.000000e+00	1.607476e-26	0.000000e+00	1.480674e-26	1.268020e-27	1.000000e+00	
144	1.000000e+00	4.455031e-27	0.000000e+00	4.098091e-27	3.569399e-28	1.000000e+00	
145	1.000000e+00	1.220573e-27	0.000000e+00	1.121263e-27	9.930991e-29	1.000000e+00	
146	1.000000e+00	3.305833e-28	0.000000e+00	3.032734e-28	2.730990e-29	1.000000e+00	
147	1.000000e+00	8.851114e-29	0.000000e+00	8.108819e-29	7.422952e-30	1.000000e+00	
148	1.000000e+00	2.342657e-29	0.000000e+00	2.143241e-29	1.994157e-30	1.000000e+00	
149	1.000000e+00	6.129224e-30	0.000000e+00	5.599727e-30	5.294967e-31	1.000000e+00	
150	1.000000e+00	1.585183e-30	0.000000e+00	1.446225e-30	1.389575e-31	1.000000e+00	
151	1.000000e+00	4.052467e-31	0.000000e+00	3.692049e-31	3.604188e-32	1.000000e+00	
152	1.000000e+00	1.024035e-31	0.000000e+00	9.316435e-32	9.239109e-33	1.000000e+00	
153	1.000000e+00	2.557712e-32	0.000000e+00	2.323645e-32	2.340664e-33	1.000000e+00	
154	1.000000e+00	6.314174e-33	0.000000e+00	5.728141e-33	5.860331e-34	1.000000e+00	
155	1.000000e+00	1.540616e-33	0.000000e+00	1.395617e-33	1.449993e-34	1.000000e+00	
156	1.000000e+00	3.715088e-34	0.000000e+00	3.360555e-34	3.545327e-35	1.000000e+00	
157	1.000000e+00	8.853676e-35	0.000000e+00	7.997077e-35	8.565986e-36	1.000000e+00	
158	1.000000e+00	2.085163e-35	0.000000e+00	1.880654e-35	2.045091e-36	1.000000e+00	
159	1.000000e+00	4.852878e-36	0.000000e+00	4.370437e-36	4.824416e-37	1.000000e+00	
160	1.000000e+00	1.116046e-36	0.000000e+00	1.003597e-36	1.124488e-37	1.000000e+00	
161	1.000000e+00	2.536106e-37	0.000000e+00	2.277151e-37	2.589547e-38	1.000000e+00	
162	1.000000e+00	5.694218e-38	0.000000e+00	5.105061e-38	5.891572e-39	1.000000e+00	
163	1.000000e+00	1.263164e-38	0.000000e+00	1.130743e-38	1.324206e-39	1.000000e+00	
164	1.000000e+00	2.768353e-39	0.000000e+00	2.474334e-39	2.940189e-40	1.000000e+00	
165	1.000000e+00	5.993706e-40	0.000000e+00	5.348844e-40	6.448625e-41	1.000000e+00	
166	1.000000e+00	1.281909e-40	0.000000e+00	1.142205e-40	1.397035e-41	1.000000e+00	
167	1.000000e+00	2.708203e-41	0.000000e+00	2.409272e-41	2.989315e-42	1.000000e+00	
168	1.000000e+00	5.651214e-42	0.000000e+00	5.019479e-42	6.317344e-43	1.000000e+00	
169	1.000000e+00	1.164694e-42	0.000000e+00	1.032847e-42	1.318470e-43	1.000000e+00	
170	1.000000e+00	2.370634e-43	0.000000e+00	2.098895e-43	2.717388e-44	1.000000e+00	
171	1.000000e+00	4.765092e-44	0.000000e+00	4.212058e-44	5.530336e-45	1.000000e+00	
172	1.000000e+00	9.458094e-45	0.000000e+00	8.346768e-45	1.111326e-45	1.000000e+00	
173	1.000000e+00	1.853669e-45	0.000000e+00	1.633177e-45	2.204921e-46	1.000000e+00	
174	1.000000e+00	3.586963e-46	0.000000e+00	3.155069e-46	4.318932e-47	1.000000e+00	
175	1.000000e+00	6.852628e-47	0.000000e+00	6.017484e-47	8.351439e-48	1.000000e+00	
176	1.000000e+00	1.292385e-47	0.000000e+00	1.132974e-47	1.594106e-48	1.000000e+00	
177	1.000000e+00	2.406019e-48	0.000000e+00	2.105680e-48	3.003393e-49	1.000000e+00	
178	1.000000e+00	4.421265e-49	0.000000e+00	3.862776e-49	5.584890e-50	1.000000e+00	
179	1.000000e+00	8.018652e-50	0.000000e+00	6.993727e-50	1.024924e-50	1.000000e+00	
180	1.000000e+00	1.435258e-50	0.000000e+00	1.249644e-50	1.856139e-51	1.000000e+00	
181	1.000000e+00	2.535119e-51	0.000000e+00	2.203426e-51	3.316934e-52	1.000000e+00	
182	1.000000e+00	4.418472e-52	0.000000e+00	3.833633e-52	5.848392e-53	1.000000e+00	
183	1.000000e+00	7.598291e-53	0.000000e+00	6.580931e-53	1.017360e-53	1.000000e+00	
184	1.000000e+00	1.289123e-53	0.000000e+00	1.114534e-53	1.745885e-54	1.000000e+00	
185	1.000000e+00	2.157601e-54	0.000000e+00	1.862056e-54	2.955452e-55	1.000000e+00	
186	1.000000e+00	3.562130e-55	0.000000e+00	3.068658e-55	4.934721e-56	1.000000e+00	
187	1.000000e+00	5.800602e-56	0.000000e+00	4.987968e-56	8.126337e-57	1.000000e+00	
188	1.000000e+00	9.315870e-57	0.000000e+00	7.996146e-57	1.319724e-57	1.000000e+00	
189	1.000000e+00	1.475444e-57	0.000000e+00	1.264100e-57	2.113436e-58	1.000000e+00	
190	1.000000e+00	2.304263e-58	0.000000e+00	1.970549e-58	3.337141e-59	1.000000e+00	
191	1.000000e+00	3.548237e-59	0.000000e+00	3.028719e-59	5.195177e-60	1.000000e+00	
192	1.000000e+00	5.386721e-60	0.000000e+00	4.589412e-60	7.973091e-61	1.000000e+00	
193	1.000000e+00	8.061719e-61	0.000000e+00	6.855535e-61	1.206184e-61	1.000000e+00	
194	1.000000e+00	1.189273e-61	0.000000e+00	1.009418e-61	1.798541e-62	1.000000e+00	
195	1.000000e+00	1.729197e-62	0.000000e+00	1.464892e-62	2.643053e-63	1.000000e+00	
196	1.000000e+00	2.477851e-63	0.000000e+00	2.095089e-63	3.827617e-64	1.000000e+00	
197	1.000000e+00	3.498900e-64	0.000000e+00	2.952707e-64	5.461929e-65	1.000000e+00	
198	1.000000e+00	4.868419e-65	0.000000e+00	4.100467e-65	7.679519e-66	1.000000e+00	
199	1.000000e+00	6.689114e-66	0.000000e+00	5.622897e-66	1.066217e-66	1.000000e+00	
200	1.000000e+00	1.021078e-66	0.000000e+00	8.564528e-67	1.646256e-67	1.000000e+00	
201	1.000000e+00	1.021078e-66	0.000000e+00	8.564528e-67	1.646256e-67	1.000000e+00	
