layer	mol : Water : phi	mol : pol : phi	mon : X : phi	mon : A : phi	mon : G : phi	mon : W : phi	
0	1.000000e+00	0.000000e+00	0.000000e+00	0.000000e+00	0.000000e+00	1.000000e+00	
1	9.529120e-01	4.708801e-02	1.591549e-02	3.117144e-02	1.070328e-06	9.529120e-01	
2	9.742276e-01	2.577238e-02	0.000000e+00	2.577123e-02	1.155814e-06	9.742276e-01	
3	9.784295e-01	2.157049e-02	0.000000e+00	2.156927e-02	1.218890e-06	9.784295e-01	
4	9.796294e-01	2.037064e-02	0.000000e+00	2.036938e-02	1.255876e-06	9.796294e-01	
5	9.799766e-01	2.002343e-02	0.000000e+00	2.002216e-02	1.266682e-06	9.799766e-01	
6	9.800392e-01	1.996078e-02	0.000000e+00	1.995953e-02	1.251909e-06	9.800392e-01	
7	9.799964e-01	2.000360e-02	0.000000e+00	2.000238e-02	1.212797e-06	9.799964e-01	
8	9.799020e-01	2.009796e-02	0.000000e+00	2.009681e-02	1.151629e-06	9.799020e-01	
9	9.797695e-01	2.023050e-02	0.000000e+00	2.022943e-02	1.071969e-06	9.797695e-01	
10	9.796038e-01	2.039620e-02	0.000000e+00	2.039522e-02	9.785691e-07	9.796038e-01	
11	9.794129e-01	2.058706e-02	0.000000e+00	2.058618e-02	8.769318e-07	9.794129e-01	
12	9.792098e-01	2.079023e-02	0.000000e+00	2.078946e-02	7.726993e-07	9.792098e-01	
13	9.790098e-01	2.099023e-02	0.000000e+00	2.098956e-02	6.710439e-07	9.790098e-01	
14	9.788280e-01	2.117202e-02	0.000000e+00	2.117144e-02	5.762128e-07	9.788280e-01	
15	9.786767e-01	2.132330e-02	0.000000e+00	2.132281e-02	4.912998e-07	9.786767e-01	
16	9.785645e-01	2.143552e-02	0.000000e+00	2.143510e-02	4.182404e-07	9.785645e-01	
17	9.784963e-01	2.150366e-02	0.000000e+00	2.150331e-02	3.579792e-07	9.784963e-01	
18	9.784746e-01	2.152540e-02	0.000000e+00	2.152509e-02	3.107362e-07	9.784746e-01	
19	9.785000e-01	2.149996e-02	0.000000e+00	2.149969e-02	2.763042e-07	9.785000e-01	
20	9.785728e-01	2.142717e-02	0.000000e+00	2.142691e-02	2.543275e-07	9.785728e-01	
21	9.786934e-01	2.130664e-02	0.000000e+00	2.130640e-02	2.445290e-07	9.786934e-01	
22	9.788625e-01	2.113750e-02	0.000000e+00	2.113725e-02	2.468688e-07	9.788625e-01	
23	9.790815e-01	2.091845e-02	0.000000e+00	2.091819e-02	2.616294e-07	9.790815e-01	
24	9.793516e-01	2.064845e-02	0.000000e+00	2.064816e-02	2.894256e-07	9.793516e-01	
25	9.796722e-01	2.032777e-02	0.000000e+00	2.032744e-02	3.311409e-07	9.796722e-01	
26	9.800405e-01	1.995954e-02	0.000000e+00	1.995915e-02	3.877957e-07	9.800405e-01	
27	9.804490e-01	1.955103e-02	0.000000e+00	1.955057e-02	4.603576e-07	9.804490e-01	
28	9.808856e-01	1.911441e-02	0.000000e+00	1.911386e-02	5.495146e-07	9.808856e-01	
29	9.813339e-01	1.866612e-02	0.000000e+00	1.866547e-02	6.554422e-07	9.813339e-01	
30	9.817752e-01	1.822475e-02	0.000000e+00	1.822398e-02	7.776110e-07	9.817752e-01	
31	9.821923e-01	1.780768e-02	0.000000e+00	1.780677e-02	9.146779e-07	9.821923e-01	
32	9.825722e-01	1.742776e-02	0.000000e+00	1.742669e-02	1.064495e-06	9.825722e-01	
33	9.829088e-01	1.709116e-02	0.000000e+00	1.708993e-02	1.224245e-06	9.829088e-01	
34	9.832029e-01	1.679714e-02	0.000000e+00	1.679575e-02	1.390671e-06	9.832029e-01	
35	9.834604e-01	1.653961e-02	0.000000e+00	1.653805e-02	1.560377e-06	9.834604e-01	
36	9.836905e-01	1.630948e-02	0.000000e+00	1.630775e-02	1.730113e-06	9.836905e-01	
37	9.839030e-01	1.609695e-02	0.000000e+00	1.609505e-02	1.897043e-06	9.839030e-01	
38	9.841069e-01	1.589308e-02	0.000000e+00	1.589102e-02	2.058921e-06	9.841069e-01	
39	9.843095e-01	1.569054e-02	0.000000e+00	1.568832e-02	2.214209e-06	9.843095e-01	
40	9.845163e-01	1.548369e-02	0.000000e+00	1.548133e-02	2.362086e-06	9.845163e-01	
41	9.847316e-01	1.526841e-02	0.000000e+00	1.526590e-02	2.502401e-06	9.847316e-01	
42	9.849583e-01	1.504174e-02	0.000000e+00	1.503910e-02	2.635550e-06	9.849583e-01	
43	9.851984e-01	1.480164e-02	0.000000e+00	1.479888e-02	2.762317e-06	9.851984e-01	
44	9.854533e-01	1.454674e-02	0.000000e+00	1.454386e-02	2.883691e-06	9.854533e-01	
45	9.857237e-01	1.427627e-02	0.000000e+00	1.427327e-02	3.000684e-06	9.857237e-01	
46	9.860100e-01	1.399003e-02	0.000000e+00	1.398691e-02	3.114164e-06	9.860100e-01	
47	9.863116e-01	1.368836e-02	0.000000e+00	1.368514e-02	3.224722e-06	9.863116e-01	
48	9.866278e-01	1.337221e-02	0.000000e+00	1.336888e-02	3.332586e-06	9.866278e-01	
49	9.869569e-01	1.304309e-02	0.000000e+00	1.303965e-02	3.437571e-06	9.869569e-01	
50	9.872970e-01	1.270299e-02	0.000000e+00	1.269945e-02	3.539088e-06	9.872970e-01	
51	9.876458e-01	1.235422e-02	0.000000e+00	1.235059e-02	3.636188e-06	9.876458e-01	
52	9.880008e-01	1.199921e-02	0.000000e+00	1.199548e-02	3.727646e-06	9.880008e-01	
53	9.883598e-01	1.164018e-02	0.000000e+00	1.163637e-02	3.812056e-06	9.883598e-01	
54	9.887211e-01	1.127893e-02	0.000000e+00	1.127505e-02	3.887930e-06	9.887211e-01	
55	9.890834e-01	1.091663e-02	0.000000e+00	1.091268e-02	3.953795e-06	9.890834e-01	
56	9.894463e-01	1.055367e-02	0.000000e+00	1.054966e-02	4.008244e-06	9.894463e-01	
57	9.898103e-01	1.018971e-02	0.000000e+00	1.018566e-02	4.049968e-06	9.898103e-01	
58	9.901762e-01	9.823795e-03	0.000000e+00	9.819717e-03	4.077742e-06	9.901762e-01	
59	9.905455e-01	9.454505e-03	0.000000e+00	9.450415e-03	4.090387e-06	9.905455e-01	
60	9.909198e-01	9.080202e-03	0.000000e+00	9.076115e-03	4.086714e-06	9.909198e-01	
61	9.913008e-01	8.699228e-03	0.000000e+00	8.695163e-03	4.065466e-06	9.913008e-01	
62	9.916899e-01	8.310100e-03	0.000000e+00	8.306075e-03	4.025292e-06	9.916899e-01	
63	9.920883e-01	7.911661e-03	0.000000e+00	7.907696e-03	3.964752e-06	9.920883e-01	
64	9.924968e-01	7.503193e-03	0.000000e+00	7.499310e-03	3.882382e-06	9.924968e-01	
65	9.929155e-01	7.084499e-03	0.000000e+00	7.080722e-03	3.776814e-06	9.929155e-01	
66	9.933440e-01	6.655958e-03	0.000000e+00	6.652311e-03	3.646960e-06	9.933440e-01	
67	9.937814e-01	6.218553e-03	0.000000e+00	6.215061e-03	3.492234e-06	9.937814e-01	
68	9.942261e-01	5.773887e-03	0.000000e+00	5.770574e-03	3.312788e-06	9.942261e-01	
69	9.946758e-01	5.324179e-03	0.000000e+00	5.321069e-03	3.109740e-06	9.946758e-01	
70	9.951277e-01	4.872257e-03	0.000000e+00	4.869372e-03	2.885337e-06	9.951277e-01	
71	9.955785e-01	4.421540e-03	0.000000e+00	4.418897e-03	2.643030e-06	9.955785e-01	
72	9.960240e-01	3.975994e-03	0.000000e+00	3.973606e-03	2.387426e-06	9.960240e-01	
73	9.964599e-01	3.540054e-03	0.000000e+00	3.537930e-03	2.124101e-06	9.964599e-01	
74	9.968815e-01	3.118488e-03	0.000000e+00	3.116629e-03	1.859288e-06	9.968815e-01	
75	9.972838e-01	2.716173e-03	0.000000e+00	2.714574e-03	1.599463e-06	9.972838e-01	
76	9.976622e-01	2.337804e-03	0.000000e+00	2.336454e-03	1.350868e-06	9.976622e-01	
77	9.980124e-01	1.987555e-03	0.000000e+00	1.986436e-03	1.119050e-06	9.980124e-01	
78	9.983313e-01	1.668735e-03	0.000000e+00	1.667827e-03	9.084582e-07	9.983313e-01	
79	9.986165e-01	1.383528e-03	0.000000e+00	1.382806e-03	7.221690e-07	9.986165e-01	
80	9.988672e-01	1.132839e-03	0.000000e+00	1.132278e-03	5.617584e-07	9.988672e-01	
81	9.990837e-01	9.162976e-04	0.000000e+00	9.158703e-04	4.273419e-07	9.990837e-01	
82	9.992676e-01	7.323943e-04	0.000000e+00	7.320765e-04	3.177561e-07	9.992676e-01	
83	9.994213e-01	5.787237e-04	0.000000e+00	5.784928e-04	2.308444e-07	9.994213e-01	
84	9.995477e-01	4.522735e-04	0.000000e+00	4.521097e-04	1.637954e-07	9.995477e-01	
85	9.996503e-01	3.497148e-04	0.000000e+00	3.496014e-04	1.134809e-07	9.996503e-01	
86	9.997324e-01	2.676532e-04	0.000000e+00	2.675764e-04	7.675255e-08	9.997324e-01	
87	9.997972e-01	2.028227e-04	0.000000e+00	2.027720e-04	5.066984e-08	9.997972e-01	
88	9.998478e-01	1.522167e-04	0.000000e+00	1.521841e-04	3.264775e-08	9.998478e-01	
89	9.998868e-01	1.131631e-04	0.000000e+00	1.131426e-04	2.052983e-08	9.998868e-01	
90	9.999167e-01	8.335371e-05	0.000000e+00	8.334111e-05	1.259929e-08	9.999167e-01	
91	9.999392e-01	6.084182e-05	0.000000e+00	6.083427e-05	7.546615e-09	9.999392e-01	
92	9.999560e-01	4.401943e-05	0.000000e+00	4.401502e-05	4.412002e-09	9.999560e-01	
93	9.999684e-01	3.158237e-05	0.000000e+00	3.157985e-05	2.517934e-09	9.999684e-01	
94	9.999775e-01	2.249080e-05	0.000000e+00	2.248939e-05	1.402968e-09	9.999775e-01	
95	9.999841e-01	1.592953e-05	0.000000e+00	1.592877e-05	7.634314e-10	9.999841e-01	
96	9.999887e-01	1.127087e-05	0.000000e+00	1.127047e-05	4.060151e-10	9.999887e-01	
97	9.999920e-01	8.041856e-06	0.000000e+00	8.041644e-06	2.116251e-10	9.999920e-01	
98	9.999941e-01	5.896539e-06	0.000000e+00	5.896430e-06	1.093431e-10	9.999941e-01	
99	9.999954e-01	4.593819e-06	0.000000e+00	4.593760e-06	5.864271e-11	9.999954e-01	
100	9.999960e-01	3.980660e-06	0.000000e+00	3.980622e-06	3.795346e-11	9.999960e-01	
101	9.999960e-01	3.980660e-06	0.000000e+00	3.980622e-06	3.795346e-11	9.999960e-01	
