layer	mol : Water : phi	mol : pol : phi	mon : X : phi	mon : A : phi	mon : G : phi	mon : W : phi	
0	1.000000e+00	0.000000e+00	0.000000e+00	0.000000e+00	0.000000e+00	1.000000e+00	
1	9.529210e-01	4.707906e-02	1.591175e-02	3.116624e-02	1.068791e-06	9.529210e-01	
2	9.742326e-01	2.576742e-02	0.000000e+00	2.576626e-02	1.153836e-06	9.742326e-01	
3	9.784339e-01	2.156612e-02	0.000000e+00	2.156490e-02	1.216247e-06	9.784339e-01	
4	9.796337e-01	2.036638e-02	0.000000e+00	2.036513e-02	1.252467e-06	9.796337e-01	
5	9.799808e-01	2.001920e-02	0.000000e+00	2.001794e-02	1.262559e-06	9.799808e-01	
6	9.800434e-01	1.995661e-02	0.000000e+00	1.995537e-02	1.247272e-06	9.800434e-01	
7	9.800005e-01	1.999953e-02	0.000000e+00	1.999832e-02	1.207953e-06	9.800005e-01	
8	9.799060e-01	2.009404e-02	0.000000e+00	2.009289e-02	1.146922e-06	9.799060e-01	
9	9.797733e-01	2.022672e-02	0.000000e+00	2.022566e-02	1.067721e-06	9.797733e-01	
10	9.796075e-01	2.039257e-02	0.000000e+00	2.039159e-02	9.750231e-07	9.796075e-01	
11	9.794165e-01	2.058354e-02	0.000000e+00	2.058267e-02	8.742249e-07	9.794165e-01	
12	9.792132e-01	2.078680e-02	0.000000e+00	2.078603e-02	7.708602e-07	9.792132e-01	
13	9.790132e-01	2.098685e-02	0.000000e+00	2.098618e-02	6.700116e-07	9.790132e-01	
14	9.788314e-01	2.116866e-02	0.000000e+00	2.116808e-02	5.758664e-07	9.788314e-01	
15	9.786801e-01	2.131994e-02	0.000000e+00	2.131945e-02	4.914912e-07	9.786801e-01	
16	9.785678e-01	2.143215e-02	0.000000e+00	2.143173e-02	4.188231e-07	9.785678e-01	
17	9.784997e-01	2.150028e-02	0.000000e+00	2.149992e-02	3.588289e-07	9.784997e-01	
18	9.784780e-01	2.152199e-02	0.000000e+00	2.152167e-02	3.117616e-07	9.784780e-01	
19	9.785035e-01	2.149653e-02	0.000000e+00	2.149625e-02	2.774504e-07	9.785035e-01	
20	9.785763e-01	2.142372e-02	0.000000e+00	2.142346e-02	2.555726e-07	9.785763e-01	
21	9.786968e-01	2.130317e-02	0.000000e+00	2.130293e-02	2.458764e-07	9.786968e-01	
22	9.788660e-01	2.113401e-02	0.000000e+00	2.113376e-02	2.483379e-07	9.788660e-01	
23	9.790851e-01	2.091495e-02	0.000000e+00	2.091468e-02	2.632449e-07	9.790851e-01	
24	9.793551e-01	2.064493e-02	0.000000e+00	2.064463e-02	2.912068e-07	9.793551e-01	
25	9.796758e-01	2.032425e-02	0.000000e+00	2.032391e-02	3.330923e-07	9.796758e-01	
26	9.800440e-01	1.995602e-02	0.000000e+00	1.995563e-02	3.898989e-07	9.800440e-01	
27	9.804525e-01	1.954753e-02	0.000000e+00	1.954707e-02	4.625664e-07	9.804525e-01	
28	9.808890e-01	1.911097e-02	0.000000e+00	1.911042e-02	5.517532e-07	9.808890e-01	
29	9.813372e-01	1.866277e-02	0.000000e+00	1.866211e-02	6.576082e-07	9.813372e-01	
30	9.817785e-01	1.822151e-02	0.000000e+00	1.822073e-02	7.795831e-07	9.817785e-01	
31	9.821954e-01	1.780458e-02	0.000000e+00	1.780366e-02	9.163280e-07	9.821954e-01	
32	9.825752e-01	1.742480e-02	0.000000e+00	1.742374e-02	1.065702e-06	9.825752e-01	
33	9.829116e-01	1.708836e-02	0.000000e+00	1.708713e-02	1.224910e-06	9.829116e-01	
34	9.832055e-01	1.679450e-02	0.000000e+00	1.679310e-02	1.390730e-06	9.832055e-01	
35	9.834629e-01	1.653711e-02	0.000000e+00	1.653555e-02	1.559806e-06	9.834629e-01	
36	9.836929e-01	1.630710e-02	0.000000e+00	1.630537e-02	1.728933e-06	9.836929e-01	
37	9.839053e-01	1.609468e-02	0.000000e+00	1.609279e-02	1.895310e-06	9.839053e-01	
38	9.841091e-01	1.589092e-02	0.000000e+00	1.588886e-02	2.056723e-06	9.841091e-01	
39	9.843115e-01	1.568847e-02	0.000000e+00	1.568626e-02	2.211647e-06	9.843115e-01	
40	9.845183e-01	1.548171e-02	0.000000e+00	1.547935e-02	2.359266e-06	9.845183e-01	
41	9.847335e-01	1.526651e-02	0.000000e+00	1.526401e-02	2.499419e-06	9.847335e-01	
42	9.849601e-01	1.503993e-02	0.000000e+00	1.503730e-02	2.632483e-06	9.849601e-01	
43	9.852001e-01	1.479992e-02	0.000000e+00	1.479716e-02	2.759219e-06	9.852001e-01	
44	9.854549e-01	1.454511e-02	0.000000e+00	1.454223e-02	2.880590e-06	9.854549e-01	
45	9.857253e-01	1.427474e-02	0.000000e+00	1.427174e-02	2.997583e-06	9.857253e-01	
46	9.860114e-01	1.398859e-02	0.000000e+00	1.398548e-02	3.111046e-06	9.860114e-01	
47	9.863130e-01	1.368703e-02	0.000000e+00	1.368381e-02	3.221555e-06	9.863130e-01	
48	9.866290e-01	1.337100e-02	0.000000e+00	1.336767e-02	3.329329e-06	9.866290e-01	
49	9.869580e-01	1.304200e-02	0.000000e+00	1.303856e-02	3.434181e-06	9.869580e-01	
50	9.872980e-01	1.270202e-02	0.000000e+00	1.269849e-02	3.535526e-06	9.872980e-01	
51	9.876466e-01	1.235339e-02	0.000000e+00	1.234976e-02	3.632424e-06	9.876466e-01	
52	9.880015e-01	1.199852e-02	0.000000e+00	1.199479e-02	3.723657e-06	9.880015e-01	
53	9.883604e-01	1.163963e-02	0.000000e+00	1.163583e-02	3.807831e-06	9.883604e-01	
54	9.887215e-01	1.127854e-02	0.000000e+00	1.127466e-02	3.883470e-06	9.887215e-01	
55	9.890836e-01	1.091639e-02	0.000000e+00	1.091244e-02	3.949107e-06	9.890836e-01	
56	9.894464e-01	1.055358e-02	0.000000e+00	1.054958e-02	4.003341e-06	9.894464e-01	
57	9.898102e-01	1.018978e-02	0.000000e+00	1.018574e-02	4.044867e-06	9.898102e-01	
58	9.901760e-01	9.824028e-03	0.000000e+00	9.819955e-03	4.072461e-06	9.901760e-01	
59	9.905451e-01	9.454901e-03	0.000000e+00	9.450816e-03	4.084948e-06	9.905451e-01	
60	9.909192e-01	9.080764e-03	0.000000e+00	9.076683e-03	4.081139e-06	9.909192e-01	
61	9.913000e-01	8.699961e-03	0.000000e+00	8.695901e-03	4.059789e-06	9.913000e-01	
62	9.916890e-01	8.311009e-03	0.000000e+00	8.306990e-03	4.019557e-06	9.916890e-01	
63	9.920872e-01	7.912752e-03	0.000000e+00	7.908793e-03	3.959024e-06	9.920872e-01	
64	9.924955e-01	7.504471e-03	0.000000e+00	7.500594e-03	3.876749e-06	9.924955e-01	
65	9.929140e-01	7.085967e-03	0.000000e+00	7.082196e-03	3.771394e-06	9.929140e-01	
66	9.933424e-01	6.657618e-03	0.000000e+00	6.653976e-03	3.641902e-06	9.933424e-01	
67	9.937796e-01	6.220402e-03	0.000000e+00	6.216914e-03	3.487710e-06	9.937796e-01	
68	9.942241e-01	5.775915e-03	0.000000e+00	5.772606e-03	3.308989e-06	9.942241e-01	
69	9.946736e-01	5.326371e-03	0.000000e+00	5.323264e-03	3.106857e-06	9.946736e-01	
70	9.951254e-01	4.874589e-03	0.000000e+00	4.871705e-03	2.883544e-06	9.951254e-01	
71	9.955760e-01	4.423979e-03	0.000000e+00	4.421336e-03	2.642463e-06	9.955760e-01	
72	9.960215e-01	3.978498e-03	0.000000e+00	3.976110e-03	2.388161e-06	9.960215e-01	
73	9.964574e-01	3.542578e-03	0.000000e+00	3.540452e-03	2.126143e-06	9.964574e-01	
74	9.968790e-01	3.120980e-03	0.000000e+00	3.119117e-03	1.862560e-06	9.968790e-01	
75	9.972814e-01	2.718581e-03	0.000000e+00	2.716977e-03	1.603806e-06	9.972814e-01	
76	9.976599e-01	2.340081e-03	0.000000e+00	2.338725e-03	1.356055e-06	9.976599e-01	
77	9.980103e-01	1.989659e-03	0.000000e+00	1.988534e-03	1.124807e-06	9.980103e-01	
78	9.983294e-01	1.670637e-03	0.000000e+00	1.669722e-03	9.144890e-07	9.983294e-01	
79	9.986148e-01	1.385209e-03	0.000000e+00	1.384481e-03	7.281846e-07	9.986148e-01	
80	9.988657e-01	1.134294e-03	0.000000e+00	1.133727e-03	5.675029e-07	9.988657e-01	
81	9.990825e-01	9.175318e-04	0.000000e+00	9.170991e-04	4.326120e-07	9.990825e-01	
82	9.992666e-01	7.334214e-04	0.000000e+00	7.330990e-04	3.224125e-07	9.992666e-01	
83	9.994204e-01	5.795639e-04	0.000000e+00	5.793291e-04	2.348137e-07	9.994204e-01	
84	9.995471e-01	4.529502e-04	0.000000e+00	4.527831e-04	1.670642e-07	9.995471e-01	
85	9.996498e-01	3.502521e-04	0.000000e+00	3.501360e-04	1.160843e-07	9.996498e-01	
86	9.997319e-01	2.680745e-04	0.000000e+00	2.679957e-04	7.875967e-08	9.997319e-01	
87	9.997969e-01	2.031493e-04	0.000000e+00	2.030971e-04	5.216879e-08	9.997969e-01	
88	9.998475e-01	1.524674e-04	0.000000e+00	1.524337e-04	3.373286e-08	9.998475e-01	
89	9.998867e-01	1.133537e-04	0.000000e+00	1.133324e-04	2.129171e-08	9.998867e-01	
90	9.999165e-01	8.349735e-05	0.000000e+00	8.348423e-05	1.311840e-08	9.999165e-01	
91	9.999391e-01	6.094920e-05	0.000000e+00	6.094131e-05	7.890027e-09	9.999391e-01	
92	9.999559e-01	4.409909e-05	0.000000e+00	4.409446e-05	4.632683e-09	9.999559e-01	
93	9.999684e-01	3.164103e-05	0.000000e+00	3.163837e-05	2.655754e-09	9.999684e-01	
94	9.999775e-01	2.253374e-05	0.000000e+00	2.253225e-05	1.486659e-09	9.999775e-01	
95	9.999840e-01	1.596083e-05	0.000000e+00	1.596002e-05	8.128816e-10	9.999840e-01	
96	9.999887e-01	1.129370e-05	0.000000e+00	1.129327e-05	4.344834e-10	9.999887e-01	
97	9.999919e-01	8.058678e-06	0.000000e+00	8.058450e-06	2.276573e-10	9.999919e-01	
98	9.999941e-01	5.909286e-06	0.000000e+00	5.909168e-06	1.182988e-10	9.999941e-01	
99	9.999954e-01	4.604049e-06	0.000000e+00	4.603985e-06	6.384984e-11	9.999954e-01	
100	9.999960e-01	3.989694e-06	0.000000e+00	3.989652e-06	4.155805e-11	9.999960e-01	
101	9.999960e-01	3.989694e-06	0.000000e+00	3.989652e-06	4.155805e-11	9.999960e-01	
