layer	mol : water : phi	mol : pol : phi	mon : W : phi	mon : X : phi	mon : A : phi	mon : G : phi	
0	7.148010e-01	2.851990e-01	7.148010e-01	5.000000e-02	2.347072e-01	4.918112e-04	
1	7.148010e-01	2.851990e-01	7.148010e-01	5.000000e-02	2.347072e-01	4.918112e-04	
2	7.435454e-01	2.564546e-01	7.435454e-01	0.000000e+00	2.558463e-01	6.082769e-04	
3	7.459147e-01	2.540853e-01	7.459147e-01	0.000000e+00	2.533581e-01	7.271360e-04	
4	7.478677e-01	2.521323e-01	7.478677e-01	0.000000e+00	2.512872e-01	8.450897e-04	
5	7.506785e-01	2.493215e-01	7.506785e-01	0.000000e+00	2.483569e-01	9.646098e-04	
6	7.542154e-01	2.457846e-01	7.542154e-01	0.000000e+00	2.446979e-01	1.086701e-03	
7	7.583524e-01	2.416476e-01	7.583524e-01	0.000000e+00	2.404365e-01	1.211048e-03	
8	7.630267e-01	2.369733e-01	7.630267e-01	0.000000e+00	2.356367e-01	1.336590e-03	
9	7.682167e-01	2.317833e-01	7.682167e-01	0.000000e+00	2.303214e-01	1.461939e-03	
10	7.739235e-01	2.260765e-01	7.739235e-01	0.000000e+00	2.244909e-01	1.585608e-03	
11	7.801591e-01	2.198409e-01	7.801591e-01	0.000000e+00	2.181348e-01	1.706108e-03	
12	7.869390e-01	2.130610e-01	7.869390e-01	0.000000e+00	2.112390e-01	1.821953e-03	
13	7.942792e-01	2.057208e-01	7.942792e-01	0.000000e+00	2.037891e-01	1.931630e-03	
14	8.021947e-01	1.978053e-01	8.021947e-01	0.000000e+00	1.957718e-01	2.033550e-03	
15	8.106989e-01	1.893011e-01	8.106989e-01	0.000000e+00	1.871751e-01	2.125992e-03	
16	8.198035e-01	1.801965e-01	8.198035e-01	0.000000e+00	1.779894e-01	2.207052e-03	
17	8.295175e-01	1.704825e-01	8.295175e-01	0.000000e+00	1.682079e-01	2.274582e-03	
18	8.398460e-01	1.601540e-01	8.398460e-01	0.000000e+00	1.578279e-01	2.326128e-03	
19	8.507886e-01	1.492114e-01	8.507886e-01	0.000000e+00	1.468525e-01	2.358867e-03	
20	8.623362e-01	1.376638e-01	8.623362e-01	0.000000e+00	1.352943e-01	2.369552e-03	
21	8.744667e-01	1.255333e-01	8.744667e-01	0.000000e+00	1.231789e-01	2.354486e-03	
22	8.871379e-01	1.128621e-01	8.871379e-01	0.000000e+00	1.105525e-01	2.309574e-03	
23	9.002769e-01	9.972306e-02	9.002769e-01	0.000000e+00	9.749254e-02	2.230523e-03	
24	9.137630e-01	8.623702e-02	9.137630e-01	0.000000e+00	8.412369e-02	2.113339e-03	
25	9.274039e-01	7.259614e-02	9.274039e-01	0.000000e+00	7.064088e-02	1.955261e-03	
26	9.409073e-01	5.909275e-02	9.409073e-01	0.000000e+00	5.733649e-02	1.756259e-03	
27	9.538598e-01	4.614020e-02	9.538598e-01	0.000000e+00	4.461923e-02	1.520965e-03	
28	9.657423e-01	3.425767e-02	9.657423e-01	0.000000e+00	3.299734e-02	1.260328e-03	
29	9.760137e-01	2.398620e-02	9.760137e-01	0.000000e+00	2.299448e-02	9.917196e-04	
30	9.842625e-01	1.573746e-02	9.842625e-01	0.000000e+00	1.500125e-02	7.362104e-04	
31	9.903541e-01	9.645893e-03	9.903541e-01	0.000000e+00	9.132615e-03	5.132774e-04	
32	9.944737e-01	5.526351e-03	9.944737e-01	0.000000e+00	5.190981e-03	3.353707e-04	
33	9.970302e-01	2.969829e-03	9.970302e-01	0.000000e+00	2.764439e-03	2.053901e-04	
34	9.984957e-01	1.504360e-03	9.984957e-01	0.000000e+00	1.386255e-03	1.181049e-04	
35	9.992782e-01	7.218434e-04	9.992782e-01	0.000000e+00	6.579124e-04	6.393103e-05	
36	9.996706e-01	3.294553e-04	9.996706e-01	0.000000e+00	2.967859e-04	3.266948e-05	
37	9.998565e-01	1.434648e-04	9.998565e-01	0.000000e+00	1.276617e-04	1.580304e-05	
38	9.999403e-01	5.973393e-05	9.999403e-01	0.000000e+00	5.248017e-05	7.253763e-06	
39	9.999762e-01	2.381587e-05	9.999762e-01	0.000000e+00	2.064979e-05	3.166082e-06	
40	9.999909e-01	9.101990e-06	9.999909e-01	0.000000e+00	7.785587e-06	1.316403e-06	
41	9.999967e-01	3.337102e-06	9.999967e-01	0.000000e+00	2.814930e-06	5.221718e-07	
42	9.999988e-01	1.174441e-06	9.999988e-01	0.000000e+00	9.765882e-07	1.978526e-07	
43	9.999996e-01	3.969513e-07	9.999996e-01	0.000000e+00	3.252656e-07	7.168578e-08	
44	9.999999e-01	1.289042e-07	9.999999e-01	0.000000e+00	1.040457e-07	2.485847e-08	
45	1.000000e+00	4.023186e-08	1.000000e+00	0.000000e+00	3.197544e-08	8.256424e-09	
46	1.000000e+00	1.207174e-08	1.000000e+00	0.000000e+00	9.443531e-09	2.628208e-09	
47	1.000000e+00	3.483107e-09	1.000000e+00	0.000000e+00	2.680861e-09	8.022453e-10	
48	1.000000e+00	9.665849e-10	1.000000e+00	0.000000e+00	7.316624e-10	2.349225e-10	
49	1.000000e+00	2.580173e-10	1.000000e+00	0.000000e+00	1.919985e-10	6.601880e-11	
50	1.000000e+00	6.625730e-11	1.000000e+00	0.000000e+00	4.844742e-11	1.780988e-11	
51	1.000000e+00	1.636881e-11	1.000000e+00	0.000000e+00	1.175562e-11	4.613191e-12	
52	1.000000e+00	3.890493e-12	1.000000e+00	0.000000e+00	2.742975e-12	1.147518e-12	
53	1.000000e+00	8.895791e-13	1.000000e+00	0.000000e+00	6.154333e-13	2.741458e-13	
54	1.000000e+00	1.956723e-13	1.000000e+00	0.000000e+00	1.327663e-13	6.290601e-14	
55	1.000000e+00	4.139953e-14	1.000000e+00	0.000000e+00	2.753538e-14	1.386416e-14	
56	1.000000e+00	8.424089e-15	1.000000e+00	0.000000e+00	5.489361e-15	2.934727e-15	
57	1.000000e+00	1.648300e-15	1.000000e+00	0.000000e+00	1.051709e-15	5.965910e-16	
58	1.000000e+00	3.100584e-16	1.000000e+00	0.000000e+00	1.936022e-16	1.164563e-16	
59	1.000000e+00	5.605791e-17	1.000000e+00	0.000000e+00	3.423317e-17	2.182473e-17	
60	1.000000e+00	9.738488e-18	1.000000e+00	0.000000e+00	5.812594e-18	3.925894e-18	
61	1.000000e+00	1.625046e-18	1.000000e+00	0.000000e+00	9.473803e-19	6.776660e-19	
62	1.000000e+00	2.603753e-19	1.000000e+00	0.000000e+00	1.481620e-19	1.122133e-19	
63	1.000000e+00	4.004202e-20	1.000000e+00	0.000000e+00	2.222364e-20	1.781839e-20	
64	1.000000e+00	5.907681e-21	1.000000e+00	0.000000e+00	3.195550e-21	2.712130e-21	
65	1.000000e+00	8.357672e-22	1.000000e+00	0.000000e+00	4.402441e-22	3.955231e-22	
66	1.000000e+00	1.133136e-22	1.000000e+00	0.000000e+00	5.807655e-23	5.523706e-23	
67	1.000000e+00	1.471450e-23	1.000000e+00	0.000000e+00	7.331368e-24	7.383133e-24	
68	1.000000e+00	1.828899e-24	1.000000e+00	0.000000e+00	8.849881e-25	9.439112e-25	
69	1.000000e+00	2.174216e-25	1.000000e+00	0.000000e+00	1.020754e-25	1.153462e-25	
70	1.000000e+00	2.470268e-26	1.000000e+00	0.000000e+00	1.124004e-26	1.346264e-26	
71	1.000000e+00	2.680052e-27	1.000000e+00	0.000000e+00	1.180531e-27	1.499521e-27	
72	1.000000e+00	2.773934e-28	1.000000e+00	0.000000e+00	1.181440e-28	1.592494e-28	
73	1.000000e+00	2.736295e-29	1.000000e+00	0.000000e+00	1.125365e-29	1.610929e-29	
74	1.000000e+00	2.569587e-30	1.000000e+00	0.000000e+00	1.019064e-30	1.550523e-30	
75	1.000000e+00	2.294424e-31	1.000000e+00	0.000000e+00	8.761228e-32	1.418301e-31	
76	1.000000e+00	1.945453e-32	1.000000e+00	0.000000e+00	7.141000e-33	1.231353e-32	
77	1.000000e+00	1.564148e-33	1.000000e+00	0.000000e+00	5.509314e-34	1.013217e-33	
78	1.000000e+00	1.190574e-34	1.000000e+00	0.000000e+00	4.016292e-35	7.889447e-35	
79	1.000000e+00	8.564444e-36	1.000000e+00	0.000000e+00	2.761270e-36	5.803173e-36	
80	1.000000e+00	5.811267e-37	1.000000e+00	0.000000e+00	1.786593e-37	4.024674e-37	
81	1.000000e+00	3.711478e-38	1.000000e+00	0.000000e+00	1.085300e-38	2.626178e-38	
82	1.000000e+00	2.225870e-39	1.000000e+00	0.000000e+00	6.173576e-40	1.608512e-39	
83	1.000000e+00	1.250210e-40	1.000000e+00	0.000000e+00	3.278706e-41	9.223396e-41	
84	1.000000e+00	6.557089e-42	1.000000e+00	0.000000e+00	1.620311e-42	4.936777e-42	
85	1.000000e+00	3.200618e-43	1.000000e+00	0.000000e+00	7.423022e-44	2.458316e-43	
86	1.000000e+00	1.448458e-44	1.000000e+00	0.000000e+00	3.138840e-45	1.134574e-44	
87	1.000000e+00	6.051254e-46	1.000000e+00	0.000000e+00	1.218976e-46	4.832278e-46	
88	1.000000e+00	2.322109e-47	1.000000e+00	0.000000e+00	4.322484e-48	1.889861e-47	
89	1.000000e+00	8.137492e-49	1.000000e+00	0.000000e+00	1.389978e-49	6.747514e-49	
90	1.000000e+00	2.586379e-50	1.000000e+00	0.000000e+00	4.020352e-51	2.184344e-50	
91	1.000000e+00	7.394888e-52	1.000000e+00	0.000000e+00	1.035585e-52	6.359303e-52	
92	1.000000e+00	1.883178e-53	1.000000e+00	0.000000e+00	2.346525e-54	1.648525e-53	
93	1.000000e+00	4.219124e-55	1.000000e+00	0.000000e+00	4.604573e-56	3.758667e-55	
94	1.000000e+00	8.187110e-57	1.000000e+00	0.000000e+00	7.666000e-58	7.420510e-57	
95	1.000000e+00	1.348049e-58	1.000000e+00	0.000000e+00	1.052867e-59	1.242762e-58	
96	1.000000e+00	1.831286e-60	1.000000e+00	0.000000e+00	1.145298e-61	1.716756e-60	
97	1.000000e+00	1.970589e-62	1.000000e+00	0.000000e+00	9.251610e-64	1.878073e-62	
98	1.000000e+00	1.574847e-64	1.000000e+00	0.000000e+00	4.933549e-66	1.525512e-64	
99	1.000000e+00	8.309429e-67	1.000000e+00	0.000000e+00	1.302708e-68	8.179159e-67	
100	1.000000e+00	2.171181e-69	1.000000e+00	0.000000e+00	0.000000e+00	2.171181e-69	
101	1.000000e+00	2.171181e-69	1.000000e+00	0.000000e+00	0.000000e+00	2.171181e-69	
